58x58
0000000000000000000000000000000000000000000000000000000000
0000000000000000000000000000000000000000000000000000000000
0000000000000000000000000000000000000000000000000000000000
0000000000000000000000000000000000000000000000000000000000
0000000000000000000000000000000000000000000000000000000000
0000000000000000000000000000000000000000000000000000000000
0000000000000000000000000000000000000000000000000000000000
0000000000000000000000000000000000000000000000000000000000
0000000000000000000000000000000000000000000000000000000000
0000000000000000000000000000000000000000000000000000000000
0000000000000000000000000000000000000000000000000000000000
0000000000000000000000000000000000000000000000000000000000
0000000000000000000000000000000000000000000000000000000000
0000000000000000000000000000000000000000000000000000000000
0000000000000000000000000000000000000000000000000000000000
0000000000000000000000000000000000000000000000000000000000
0000000000000000000000000000000000000000000000000000000000
0000000000000000000000000000000000000000000000000000000000
0000000000000000000000000000000000000000000000000000000000
0000000000111101111000001111011110000000000000000000000000
0000000000100101001000001001010010000000000000000000000000
0000000011100111001110111001110011100000000000000000000000
0000000010000000000010100000000000100000000000000000000000
0000000010000000000010100000000000100000000000000000000000
0000000011100000001110111000000011100000000000000000000000
0000000000100000001000001000000010000000000000000000000000
0000000011100000001110111000000011100000000000000000000000
0000000010000000000010100000000000100000000000000000000000
0000000010000000000010100000000000100000000000000000000000
0000000011100111001110111001110011100000000000000000000000
0000000000100101001000001001010010000000000000000000000000
0000000000111101111000001111011110000000000000000000000000
0000000000111101111000001111011110000000000000000000000000
0000000000100101001000001001010010000000000000000000000000
0000000011100111001110111001110011100000000000000000000000
0000000010000000000010100000000000100000000000000000000000
0000000010000000000010100000000000100000000000000000000000
0000000011100000001110111000000011100000000000000000000000
0000000000100000001000001000000010000000000000000000000000
0000000011100000001110111000000011100000000000000000000000
0000000010000000000010100000000000100000000000000000000000
0000000010000000000010100000000000100000000000000000000000
0000000011100111001110111001110011100000000000000000000000
0000000000100101001000001001010010000000000000000000000000
0000000000111101111000001111011110000000000000000000000000
0000000000000000000000000000000000000000000000000000000000
0000000000000000000000000000000000000000000000000000000000
0000000000000000000000000000000000000000000000000000000000
0000000000000000000000000000000000000000000000000000000000
0000000000000000000000000000000000000000000000000000000000
0000000000000000000000000000000000000000000000000000000000
0000000000000000000000000000000000000000000000000000000000
0000000000000000000000000000000000000000000000000000000000
0000000000000000000000000000000000000000000000000000000000
0000000000000000000000000000000000000000000000000000000000
0000000000000000000000000000000000000000000000000000000000
0000000000000000000000000000000000000000000000000000000000
0000000000000000000000000000000000000000000000000000000000
