16x30
000000000000000000000000000000
000000000000000000000000000000
000111101111000001111011110000
000100101001000001001010010000
011100111001110111001110011100
010000000000010100000000000100
010000000000010100000000000100
011100000001110111000000011100
000100000001000001000000010000
011100000001110111000000011100
010000000000010100000000000100
010000000000010100000000000100
011100111001110111001110011100
000100101001000001001010010000
000111101111000001111011110000
000000000000000000000000000000
